times, avg_rtrain, std_train, avg_test, std_test,
12, 23.000000, 13.118689, -1.000000, 0.000000
22, 23.350000, 9.307390, 13.400000, 10.237578
46, 23.250000, 8.853672, -1.000000, 0.000000
60, 19.850000, 10.321216, 13.460000, 10.360907
82, 20.900000, 15.181897, -1.000000, 0.000000
93, 19.900000, 10.329085, 13.330000, 9.989650
106, 20.850000, 12.137854, -1.000000, 0.000000
140, 22.300000, 11.278741, 13.560000, 11.083429
157, 26.800000, 13.912584, -1.000000, 0.000000
180, 20.100000, 9.240671, 13.040000, 11.311339
209, 23.700000, 11.709398, -1.000000, 0.000000
231, 20.100000, 7.034913, 16.800000, 29.460618
244, 22.450000, 10.224847, -1.000000, 0.000000
283, 21.450000, 10.910889, 10.500000, 2.743356
330, 17.500000, 9.630680, -1.000000, 0.000000
339, 18.450000, 11.740847, 12.210000, 6.717879
353, 15.550000, 7.559597, -1.000000, 0.000000
366, 20.750000, 24.299949, 24.030000, 35.265183
377, 34.050000, 46.218476, -1.000000, 0.000000
398, 42.350000, 57.071249, 47.380000, 61.969247
579, 56.500000, 66.166835, -1.000000, 0.000000
773, 70.450000, 76.271538, 72.380000, 72.255073
943, 71.050000, 62.541566, -1.000000, 0.000000
1143, 83.550000, 61.797633, 94.310000, 69.377849
1343, 108.350000, 79.171507, -1.000000, 0.000000
1543, 117.950000, 70.949612, 121.680000, 65.108752
1743, 132.800000, 69.855279, -1.000000, 0.000000
1943, 141.550000, 64.831686, 148.050000, 59.835771
2143, 154.900000, 60.511073, -1.000000, 0.000000
2343, 155.650000, 60.710193, 155.610000, 52.162572
2543, 157.800000, 47.708071, -1.000000, 0.000000
2743, 165.750000, 47.332732, 166.160000, 42.492286
2943, 160.300000, 55.834667, -1.000000, 0.000000
3143, 168.350000, 42.170221, 169.150000, 37.358366
3343, 172.050000, 39.259999, -1.000000, 0.000000
3535, 183.600000, 26.006538, 179.040000, 22.487205
3735, 177.600000, 29.833538, -1.000000, 0.000000
3935, 180.950000, 23.827453, 176.440000, 21.493776
4123, 176.750000, 26.856796, -1.000000, 0.000000
4311, 179.200000, 23.449094, 178.960000, 21.233992
4511, 179.100000, 23.822049, -1.000000, 0.000000
4705, 182.300000, 17.933488, 179.500000, 20.059761
4905, 179.350000, 23.879437, -1.000000, 0.000000
5105, 184.000000, 23.712866, 183.940000, 18.632026
5305, 181.800000, 23.825616, -1.000000, 0.000000
5505, 177.000000, 22.429891, 177.190000, 20.781576
5705, 175.950000, 29.014608, -1.000000, 0.000000
5905, 168.250000, 44.046424, 180.030000, 22.898583
6101, 194.100000, 10.362915, -1.000000, 0.000000
6296, 176.050000, 32.696292, 181.050000, 24.941201
6496, 181.900000, 25.754417, -1.000000, 0.000000
6694, 186.500000, 22.361798, 177.760000, 24.617116
6894, 180.400000, 30.323918, -1.000000, 0.000000
7039, 172.200000, 36.692779, 181.440000, 26.486721
7186, 181.250000, 25.443811, -1.000000, 0.000000
7316, 175.400000, 31.061874, 177.960000, 27.237592
7414, 176.200000, 31.795597, -1.000000, 0.000000
7614, 175.550000, 31.377500, 173.060000, 26.403947
7814, 178.550000, 33.499963, -1.000000, 0.000000
8014, 173.300000, 29.791106, 173.220000, 25.487087
8214, 177.450000, 28.269197, -1.000000, 0.000000
8414, 171.600000, 32.777126, 167.340000, 30.625486
8614, 165.350000, 39.059282, -1.000000, 0.000000
8814, 166.650000, 41.594801, 168.380000, 34.020752
9014, 169.350000, 37.336678, -1.000000, 0.000000
9198, 162.650000, 48.255855, 175.660000, 34.652452
9370, 172.650000, 38.070034, -1.000000, 0.000000
9570, 179.900000, 34.822263, 173.790000, 37.548288
9770, 177.000000, 37.234393, -1.000000, 0.000000
9943, 173.450000, 38.550584, 171.740000, 40.169197
10143, 176.550000, 42.626840, -1.000000, 0.000000
10299, 173.350000, 40.977158, 173.940000, 38.451169
10470, 172.400000, 41.391303, -1.000000, 0.000000
10625, 177.500000, 36.934401, 178.940000, 34.813854
10794, 176.300000, 37.161943, -1.000000, 0.000000
10994, 174.650000, 35.269356, 172.770000, 37.555041
11171, 176.150000, 31.662715, -1.000000, 0.000000
11333, 174.700000, 32.871112, 178.660000, 37.547841
11533, 176.950000, 44.776640, -1.000000, 0.000000
11706, 174.250000, 42.561573, 173.850000, 36.493554
11906, 183.650000, 25.657894, -1.000000, 0.000000
12106, 186.000000, 25.882426, 180.630000, 26.903329
12306, 188.250000, 23.451812, -1.000000, 0.000000
12506, 187.100000, 25.139411, 185.370000, 21.626028
12706, 180.750000, 29.807507, -1.000000, 0.000000
12906, 191.600000, 18.006665, 184.080000, 22.342014
13106, 189.050000, 20.689309, -1.000000, 0.000000
13300, 192.000000, 14.923136, 183.490000, 25.197101
13455, 176.100000, 36.594945, -1.000000, 0.000000
13655, 184.650000, 22.731641, 192.850000, 10.444879
13838, 194.650000, 12.244489, -1.000000, 0.000000
14021, 196.650000, 9.392949, 195.750000, 9.985965
14198, 192.400000, 15.979362, -1.000000, 0.000000
14398, 189.500000, 35.388557, 194.990000, 12.371980
14575, 197.200000, 8.547514, -1.000000, 0.000000
14748, 195.100000, 11.335343, 190.570000, 26.536260
14948, 188.250000, 31.416357, -1.000000, 0.000000
15120, 190.500000, 28.904152, 184.340000, 28.983933
15298, 188.450000, 27.258898, -1.000000, 0.000000
15475, 189.050000, 32.133277, 186.390000, 32.095388
15651, 184.850000, 31.686393, -1.000000, 0.000000
15851, 186.050000, 34.050661, 186.290000, 31.404616
16044, 189.650000, 30.279159, -1.000000, 0.000000
16209, 181.000000, 36.086008, 178.300000, 35.114755
16383, 174.100000, 39.705037, -1.000000, 0.000000
16546, 173.750000, 34.291216, 183.690000, 30.852972
16746, 180.000000, 35.922138, -1.000000, 0.000000
16946, 178.250000, 34.404760, 170.530000, 34.668272
17146, 181.000000, 30.182777, -1.000000, 0.000000
17346, 179.900000, 34.184646, 172.520000, 39.410780
17546, 172.600000, 41.735357, -1.000000, 0.000000
17746, 178.950000, 30.987861, 181.440000, 25.667146
17946, 180.700000, 24.552189, -1.000000, 0.000000
18146, 178.850000, 25.456384, 183.670000, 23.842338
18346, 180.500000, 38.414190, -1.000000, 0.000000
18546, 183.350000, 27.444990, 184.960000, 26.294988
18746, 189.000000, 23.991665, -1.000000, 0.000000
18946, 192.250000, 18.872930, 184.650000, 28.839270
19146, 184.950000, 32.055382, -1.000000, 0.000000
19346, 187.000000, 32.197826, 187.970000, 23.576113
19546, 188.150000, 29.162090, -1.000000, 0.000000
19746, 192.800000, 12.761661, 187.100000, 26.947022
19946, 191.150000, 29.538576, -1.000000, 0.000000
20146, 178.550000, 45.786980, 197.200000, 8.301325
20346, 196.550000, 8.236959, -1.000000, 0.000000
20546, 192.000000, 20.777392, 191.270000, 21.955708
20746, 186.700000, 27.388136, -1.000000, 0.000000
20946, 182.500000, 31.326506, 189.330000, 16.093263
21146, 193.600000, 15.541557, -1.000000, 0.000000
21346, 190.400000, 24.558909, 184.030000, 32.824459
21546, 191.650000, 25.906129, -1.000000, 0.000000
21746, 190.400000, 25.285174, 177.570000, 32.314039
21946, 192.950000, 18.658711, -1.000000, 0.000000
22111, 185.500000, 30.715631, 183.380000, 28.860208
22287, 186.100000, 28.498947, -1.000000, 0.000000
22382, 183.950000, 31.828407, 182.120000, 36.231776
22472, 185.250000, 34.291216, -1.000000, 0.000000
22641, 193.250000, 16.324445, 183.480000, 26.275342
22766, 186.850000, 26.088839, -1.000000, 0.000000
22906, 169.650000, 39.443979, 185.630000, 23.683520
22992, 183.000000, 32.202484, -1.000000, 0.000000
23172, 185.300000, 43.828187, 193.110000, 15.769271
23355, 185.500000, 28.018744, -1.000000, 0.000000
23555, 192.850000, 15.717109, 184.380000, 26.673050
23755, 189.650000, 22.030150, -1.000000, 0.000000
23955, 197.550000, 10.679302, 192.520000, 19.543838
24155, 192.550000, 21.164770, -1.000000, 0.000000
24355, 193.200000, 20.556264, 190.800000, 19.510510
24555, 188.750000, 21.013983, -1.000000, 0.000000
24755, 192.550000, 18.919501, 194.170000, 13.180330
24955, 195.500000, 13.001923, -1.000000, 0.000000
25155, 187.050000, 26.175322, 190.050000, 24.235831
25355, 192.850000, 18.887231, -1.000000, 0.000000
25555, 195.800000, 16.160446, 190.540000, 19.555777
25755, 189.900000, 25.828085, -1.000000, 0.000000
25955, 190.150000, 22.052834, 185.940000, 26.806648
26155, 185.500000, 38.629652, -1.000000, 0.000000
26355, 190.100000, 34.248942, 197.700000, 6.521196
26555, 193.650000, 24.259586, -1.000000, 0.000000
26755, 181.650000, 43.117601, 191.070000, 21.436257
26944, 188.550000, 26.509385, -1.000000, 0.000000
27144, 193.500000, 21.162467, 185.510000, 27.884438
27344, 191.050000, 29.885573, -1.000000, 0.000000
27530, 184.700000, 35.273361, 179.600000, 34.486635
27682, 175.350000, 46.867126, -1.000000, 0.000000
27882, 183.800000, 34.734133, 180.830000, 38.543029
28082, 181.500000, 38.941623, -1.000000, 0.000000
28282, 182.950000, 37.611800, 185.200000, 29.531068
28482, 177.350000, 44.929139, -1.000000, 0.000000
28682, 167.100000, 52.266528, 179.670000, 34.166549
28882, 182.200000, 41.219656, -1.000000, 0.000000
29082, 188.300000, 27.889245, 187.920000, 24.672933
29282, 194.650000, 15.415171, -1.000000, 0.000000
29482, 190.400000, 26.948840, 194.750000, 14.277938
29682, 191.750000, 17.317260, -1.000000, 0.000000
29882, 197.100000, 12.640807, 195.120000, 10.142662
30082, 176.900000, 40.729473, -1.000000, 0.000000
30225, 190.800000, 21.960419, 196.880000, 10.560189
30425, 190.550000, 35.033520, -1.000000, 0.000000
30625, 183.950000, 38.490876, 192.850000, 15.839050
30825, 197.800000, 8.925245, -1.000000, 0.000000
31025, 196.900000, 9.433451, 192.230000, 20.353700
31225, 196.900000, 13.512587, -1.000000, 0.000000
31412, 193.700000, 19.519477, 195.230000, 16.934258
31612, 194.550000, 15.809728, -1.000000, 0.000000
31812, 188.650000, 33.375552, 192.530000, 16.746376
32012, 191.500000, 21.416115, -1.000000, 0.000000
32175, 191.850000, 20.457945, 197.200000, 9.027735
32188, 182.000000, 45.508241, -1.000000, 0.000000
32280, 184.200000, 33.868274, 195.410000, 15.697831
32338, 184.500000, 37.887333, -1.000000, 0.000000
32538, 190.100000, 19.253311, 188.400000, 20.671333
32738, 185.450000, 36.603927, -1.000000, 0.000000
32938, 185.000000, 32.883126, 189.040000, 18.199846
33138, 189.900000, 21.377324, -1.000000, 0.000000
33338, 190.800000, 18.927757, 195.670000, 18.874032
33538, 196.900000, 13.512587, -1.000000, 0.000000
33588, 190.700000, 32.852854, 194.850000, 15.173513
33683, 190.850000, 24.924436, -1.000000, 0.000000
33883, 196.800000, 9.927739, 193.780000, 14.027530
34083, 196.800000, 11.855800, -1.000000, 0.000000
34283, 187.850000, 23.898274, 190.150000, 32.648484
34483, 181.200000, 48.218876, -1.000000, 0.000000
34683, 189.750000, 31.122138, 189.530000, 23.454490
34883, 189.450000, 25.821454, -1.000000, 0.000000
35083, 186.600000, 35.974157, 184.470000, 36.503604
35283, 181.500000, 46.897228, -1.000000, 0.000000
35483, 186.550000, 38.747226, 187.160000, 22.467897
35683, 188.850000, 32.173397, -1.000000, 0.000000
35883, 192.350000, 17.838932, 183.050000, 25.553464
36083, 194.250000, 15.905581, -1.000000, 0.000000
36283, 168.950000, 56.319157, 194.420000, 11.284308
36483, 189.300000, 27.590034, -1.000000, 0.000000
36683, 193.950000, 15.480552, 185.040000, 20.884693
36881, 187.250000, 25.604443, -1.000000, 0.000000
37080, 181.700000, 36.645736, 180.050000, 39.114185
37280, 186.750000, 38.836677, -1.000000, 0.000000
37480, 176.950000, 55.638543, 188.810000, 29.069811
37680, 182.000000, 45.438970, -1.000000, 0.000000
37880, 180.500000, 50.990685, 178.470000, 50.427226
38080, 175.500000, 54.240667, -1.000000, 0.000000
38276, 179.150000, 37.156796, 186.480000, 28.573162
38476, 190.000000, 28.289574, -1.000000, 0.000000
38676, 187.250000, 27.874496, 177.600000, 32.076783
38876, 188.150000, 33.232928, -1.000000, 0.000000
39076, 186.550000, 41.344256, 193.120000, 18.983825
39276, 193.700000, 19.488715, -1.000000, 0.000000
39476, 181.000000, 35.455606, 187.950000, 22.550200
39676, 192.900000, 20.709660, -1.000000, 0.000000
39876, 196.850000, 8.082543, 183.210000, 31.419706
40076, 193.200000, 21.010950, -1.000000, 0.000000
40276, 188.950000, 23.169970, 195.620000, 12.858911
40476, 191.900000, 21.234171, -1.000000, 0.000000
40676, 199.200000, 3.487119, 195.910000, 8.543413
40876, 189.800000, 35.354773, -1.000000, 0.000000
41076, 187.850000, 40.503426, 196.020000, 9.140875
41276, 196.150000, 16.781761, -1.000000, 0.000000
41476, 195.100000, 20.024735, 190.140000, 27.999293
41676, 179.350000, 44.720549, -1.000000, 0.000000
41876, 187.450000, 31.449126, 190.790000, 19.523470
42076, 189.650000, 26.775502, -1.000000, 0.000000
42276, 187.350000, 39.294115, 189.660000, 31.019226
42476, 183.150000, 40.291780, -1.000000, 0.000000
42676, 164.100000, 58.765551, 191.620000, 21.756737
42876, 200.000000, 0.000000, -1.000000, 0.000000
43076, 186.750000, 35.466710, 195.240000, 18.144817
43276, 179.450000, 42.654982, -1.000000, 0.000000
43476, 185.400000, 29.805033, 189.040000, 34.077946
43676, 188.350000, 30.622337, -1.000000, 0.000000
43876, 191.450000, 26.308696, 189.340000, 28.564600
