times, avg_rtrain, std_train, avg_test, std_test,
20, 22.650000, 15.084015, -1.000000, 0.000000
32, 21.650000, 13.421159, 15.030000, 13.211855
46, 24.800000, 13.223464, -1.000000, 0.000000
64, 22.000000, 10.968136, 14.030000, 10.880308
84, 17.800000, 5.362835, -1.000000, 0.000000
96, 29.250000, 19.075835, 13.800000, 10.372849
120, 20.800000, 9.547775, -1.000000, 0.000000
131, 20.400000, 8.089499, 13.590000, 9.747713
156, 23.750000, 8.353891, -1.000000, 0.000000
171, 20.900000, 9.771898, 20.690000, 24.809553
182, 22.000000, 12.083046, -1.000000, 0.000000
197, 19.700000, 8.277077, 12.250000, 9.779954
218, 19.550000, 7.579413, -1.000000, 0.000000
233, 16.350000, 5.659284, 10.100000, 2.759348
250, 17.450000, 7.024778, -1.000000, 0.000000
262, 16.300000, 7.836453, 10.740000, 5.478722
285, 16.850000, 6.597537, -1.000000, 0.000000
315, 15.850000, 7.465085, 11.150000, 4.469396
332, 17.250000, 8.982622, -1.000000, 0.000000
348, 31.650000, 34.368990, 28.150000, 31.926971
358, 42.500000, 51.046547, -1.000000, 0.000000
369, 51.300000, 59.825663, 58.400000, 65.925898
380, 65.250000, 62.812320, -1.000000, 0.000000
395, 85.300000, 70.472051, 88.760000, 70.325660
414, 89.950000, 67.051827, -1.000000, 0.000000
440, 105.250000, 74.933888, 106.420000, 64.722698
464, 101.850000, 62.564587, -1.000000, 0.000000
500, 121.850000, 67.954599, 135.160000, 64.702476
563, 139.800000, 64.027806, -1.000000, 0.000000
655, 135.700000, 54.550069, 148.970000, 55.158799
834, 149.300000, 54.561067, -1.000000, 0.000000
1034, 158.350000, 55.536722, 153.600000, 44.873823
1193, 145.600000, 52.720395, -1.000000, 0.000000
1348, 155.150000, 44.963624, 160.820000, 44.685787
1543, 174.000000, 30.291913, -1.000000, 0.000000
1674, 165.400000, 33.663630, 166.990000, 28.760631
1800, 166.950000, 34.526041, -1.000000, 0.000000
1913, 166.650000, 33.362067, 162.660000, 30.733311
2056, 164.650000, 35.238154, -1.000000, 0.000000
2202, 167.750000, 32.405054, 159.960000, 30.194940
2334, 151.300000, 37.917147, -1.000000, 0.000000
2439, 163.000000, 36.851052, 162.290000, 30.588918
2566, 168.800000, 33.364053, -1.000000, 0.000000
2752, 161.350000, 34.129569, 159.860000, 27.137288
2952, 156.150000, 35.847280, -1.000000, 0.000000
3115, 168.200000, 31.474752, 163.460000, 27.787846
3298, 154.500000, 35.298017, -1.000000, 0.000000
3444, 162.000000, 31.929610, 168.680000, 29.789757
3644, 169.000000, 35.406214, -1.000000, 0.000000
3843, 164.750000, 34.959798, 170.270000, 28.373387
3968, 166.850000, 31.768341, -1.000000, 0.000000
4115, 170.650000, 29.326225, 173.340000, 23.882303
4298, 173.400000, 29.198288, -1.000000, 0.000000
4498, 177.300000, 23.769939, 176.350000, 21.607672
4698, 176.550000, 21.520862, -1.000000, 0.000000
4898, 172.900000, 27.171492, 179.810000, 20.843558
5082, 175.050000, 22.972756, -1.000000, 0.000000
5282, 182.150000, 22.535028, 180.050000, 23.547219
5482, 177.850000, 24.411626, -1.000000, 0.000000
5667, 183.900000, 22.644867, 176.850000, 29.343406
5867, 180.600000, 28.498070, -1.000000, 0.000000
6067, 177.400000, 28.672984, 179.880000, 25.809642
6267, 177.950000, 30.782260, -1.000000, 0.000000
6467, 166.100000, 34.583088, 176.220000, 29.648939
6667, 177.350000, 33.632239, -1.000000, 0.000000
6867, 168.200000, 35.758356, 172.360000, 28.805736
7067, 168.350000, 41.766344, -1.000000, 0.000000
7267, 176.900000, 31.970142, 178.850000, 29.263074
7467, 171.550000, 35.609655, -1.000000, 0.000000
7667, 177.200000, 32.267011, 175.960000, 31.551520
7867, 178.600000, 30.544067, -1.000000, 0.000000
8067, 180.150000, 29.749412, 185.850000, 23.485474
8267, 184.200000, 24.051195, -1.000000, 0.000000
8443, 175.500000, 33.290389, 187.910000, 19.263901
8643, 190.200000, 19.648410, -1.000000, 0.000000
8843, 186.050000, 22.846170, 188.860000, 19.867471
9043, 186.950000, 23.286208, -1.000000, 0.000000
9183, 173.050000, 29.785021, 174.970000, 29.018289
9383, 167.550000, 48.834900, -1.000000, 0.000000
9583, 179.100000, 36.821054, 173.580000, 32.875030
9766, 176.600000, 37.316752, -1.000000, 0.000000
9950, 180.150000, 30.979469, 185.130000, 24.297101
10150, 190.600000, 21.944020, -1.000000, 0.000000
10350, 187.300000, 21.718886, 183.020000, 26.554992
10550, 187.600000, 20.222265, -1.000000, 0.000000
10750, 189.600000, 19.535609, 190.380000, 15.966202
10950, 191.850000, 19.860199, -1.000000, 0.000000
11150, 186.000000, 21.156559, 188.700000, 16.535598
11350, 185.300000, 33.044061, -1.000000, 0.000000
11550, 184.650000, 21.872986, 179.280000, 31.918672
11750, 180.600000, 31.415601, -1.000000, 0.000000
11950, 189.400000, 21.806880, 191.000000, 16.346253
12108, 182.300000, 30.631846, -1.000000, 0.000000
12308, 187.300000, 20.919130, 180.960000, 26.443419
12431, 183.650000, 34.351528, -1.000000, 0.000000
12553, 187.700000, 22.755439, 188.840000, 18.841295
12682, 184.650000, 22.089081, -1.000000, 0.000000
12800, 179.650000, 29.206635, 186.400000, 22.399464
12916, 187.500000, 28.000893, -1.000000, 0.000000
13052, 191.450000, 20.389887, 182.360000, 27.613881
13183, 181.850000, 26.123313, -1.000000, 0.000000
13303, 178.100000, 32.251977, 187.390000, 24.185655
13413, 179.350000, 31.976984, -1.000000, 0.000000
13534, 168.850000, 55.237012, 183.170000, 31.461740
13676, 185.950000, 24.966928, -1.000000, 0.000000
13817, 181.650000, 29.963770, 192.510000, 17.721566
14017, 196.150000, 16.781761, -1.000000, 0.000000
14217, 187.100000, 26.920067, 189.830000, 21.706522
14392, 186.200000, 26.876756, -1.000000, 0.000000
14592, 187.650000, 25.108315, 183.820000, 25.971515
14792, 187.050000, 27.198300, -1.000000, 0.000000
14956, 173.700000, 38.487790, 176.840000, 32.832094
15091, 185.600000, 30.905339, -1.000000, 0.000000
15244, 185.050000, 27.626934, 174.260000, 35.751257
15400, 180.100000, 31.918490, -1.000000, 0.000000
15572, 176.250000, 40.343370, 180.180000, 26.974054
15772, 164.200000, 49.006734, -1.000000, 0.000000
15972, 171.150000, 43.400778, 179.980000, 30.989669
16172, 176.600000, 37.983417, -1.000000, 0.000000
16372, 182.900000, 29.274392, 172.430000, 43.022751
16572, 176.750000, 41.511294, -1.000000, 0.000000
16772, 185.300000, 28.374460, 178.560000, 28.441350
16972, 180.200000, 33.313061, -1.000000, 0.000000
17172, 178.250000, 30.768287, 175.010000, 27.686565
17368, 174.750000, 33.942414, -1.000000, 0.000000
17568, 184.750000, 25.884117, 178.530000, 30.433224
17768, 179.000000, 31.101447, -1.000000, 0.000000
17968, 178.100000, 30.431727, 167.770000, 30.390411
18168, 182.000000, 27.985711, -1.000000, 0.000000
18368, 180.000000, 31.004838, 173.190000, 36.858186
18568, 184.650000, 29.918681, -1.000000, 0.000000
18768, 191.750000, 20.114361, 185.210000, 19.325059
18968, 184.950000, 26.725409, -1.000000, 0.000000
19168, 183.750000, 31.274390, 176.440000, 32.651652
19368, 182.850000, 29.638278, -1.000000, 0.000000
19568, 177.900000, 24.919671, 187.170000, 21.441481
19768, 185.200000, 25.455058, -1.000000, 0.000000
19968, 175.750000, 41.383421, 185.420000, 26.147421
20168, 187.150000, 23.011465, -1.000000, 0.000000
20368, 188.300000, 23.360437, 184.600000, 21.161191
20538, 174.750000, 27.303617, -1.000000, 0.000000
20738, 177.000000, 42.630975, 188.890000, 20.887649
20938, 188.800000, 22.171152, -1.000000, 0.000000
21138, 193.100000, 15.237782, 189.770000, 16.556361
21334, 185.350000, 25.361930, -1.000000, 0.000000
21534, 179.350000, 43.265777, 181.940000, 27.913087
21672, 189.700000, 22.167769, -1.000000, 0.000000
21872, 189.450000, 21.800172, 183.800000, 24.852766
22072, 184.250000, 33.653937, -1.000000, 0.000000
22272, 191.050000, 21.155318, 186.800000, 22.102489
22469, 190.750000, 21.335124, -1.000000, 0.000000
22632, 183.550000, 25.354437, 190.380000, 18.250359
22770, 187.650000, 22.566070, -1.000000, 0.000000
22970, 182.750000, 40.343370, 188.550000, 23.355160
23170, 186.950000, 34.217649, -1.000000, 0.000000
23370, 193.900000, 14.539257, 188.970000, 20.033300
23483, 187.100000, 26.655018, -1.000000, 0.000000
23683, 188.050000, 24.407939, 193.860000, 14.010582
23883, 193.800000, 18.090329, -1.000000, 0.000000
24062, 193.500000, 16.853783, 189.150000, 21.089701
24262, 189.950000, 21.320120, -1.000000, 0.000000
24462, 191.150000, 18.749067, 192.480000, 21.082637
24662, 184.400000, 37.330149, -1.000000, 0.000000
24862, 187.000000, 32.602147, 189.260000, 19.576935
25062, 190.800000, 20.934660, -1.000000, 0.000000
25262, 196.050000, 12.623292, 191.810000, 17.001232
25462, 193.550000, 16.614677, -1.000000, 0.000000
25586, 180.650000, 38.501006, 189.920000, 22.281059
25783, 190.450000, 29.920687, -1.000000, 0.000000
25983, 191.150000, 23.612020, 190.310000, 18.736859
26183, 194.650000, 15.173249, -1.000000, 0.000000
26383, 194.250000, 13.707206, 195.180000, 11.273136
26583, 189.850000, 23.395032, -1.000000, 0.000000
26783, 194.900000, 15.352199, 189.040000, 23.212721
26983, 191.600000, 20.648002, -1.000000, 0.000000
27183, 193.550000, 19.815335, 190.930000, 15.273019
27383, 192.800000, 15.907860, -1.000000, 0.000000
27576, 192.000000, 16.093477, 194.390000, 16.940186
27776, 198.600000, 6.102459, -1.000000, 0.000000
27976, 192.700000, 17.297688, 188.240000, 20.499034
28176, 196.900000, 13.512587, -1.000000, 0.000000
28376, 194.500000, 13.128214, 193.170000, 14.071286
28576, 196.400000, 11.447270, -1.000000, 0.000000
28776, 192.650000, 17.779975, 185.890000, 19.146851
28976, 187.550000, 23.271173, -1.000000, 0.000000
29176, 187.550000, 20.993987, 193.440000, 14.459682
29376, 193.350000, 15.963317, -1.000000, 0.000000
29576, 194.600000, 18.637060, 191.580000, 17.580205
29776, 191.050000, 19.202799, -1.000000, 0.000000
29976, 188.200000, 22.382136, 178.160000, 28.422639
30176, 189.750000, 20.285155, -1.000000, 0.000000
30376, 189.850000, 29.300640, 175.810000, 34.957144
30576, 192.350000, 19.568533, -1.000000, 0.000000
30776, 185.500000, 28.753261, 188.390000, 17.403503
30976, 191.350000, 17.120967, -1.000000, 0.000000
31176, 195.100000, 12.949517, 195.660000, 13.035199
31376, 196.500000, 13.940947, -1.000000, 0.000000
31576, 190.950000, 25.619280, 194.400000, 13.976981
31776, 190.650000, 22.075495, -1.000000, 0.000000
31976, 197.300000, 11.769027, 197.300000, 7.862697
32176, 199.500000, 2.179449, -1.000000, 0.000000
32353, 191.150000, 29.234013, 196.690000, 8.215467
32553, 190.600000, 28.219497, -1.000000, 0.000000
32753, 199.600000, 1.743560, 196.470000, 12.758256
32953, 196.250000, 12.368812, -1.000000, 0.000000
33153, 191.600000, 22.132329, 188.300000, 27.479410
33353, 197.400000, 7.800000, -1.000000, 0.000000
33553, 189.500000, 30.337271, 190.910000, 25.110115
33753, 195.600000, 9.640539, -1.000000, 0.000000
33953, 191.700000, 36.178861, 194.110000, 13.977621
34153, 193.650000, 16.331794, -1.000000, 0.000000
34353, 194.250000, 14.099202, 195.670000, 10.490620
34553, 191.850000, 17.112203, -1.000000, 0.000000
34753, 192.200000, 19.441193, 197.390000, 7.477292
34953, 195.200000, 14.524462, -1.000000, 0.000000
35153, 194.350000, 15.437859, 189.600000, 23.082288
35353, 193.300000, 19.642047, -1.000000, 0.000000
35553, 183.900000, 30.451437, 187.910000, 20.891479
35753, 182.900000, 37.808597, -1.000000, 0.000000
35953, 187.900000, 30.530149, 192.220000, 24.694445
36153, 194.050000, 15.393099, -1.000000, 0.000000
36353, 184.900000, 28.140540, 179.090000, 38.282292
36553, 192.700000, 19.344508, -1.000000, 0.000000
36753, 188.900000, 18.215104, 187.430000, 22.660563
36953, 184.100000, 40.340922, -1.000000, 0.000000
37120, 194.600000, 17.508284, 193.780000, 18.900783
37320, 193.800000, 15.816447, -1.000000, 0.000000
37520, 177.450000, 35.022100, 182.610000, 32.830381
37720, 193.300000, 20.707728, -1.000000, 0.000000
37920, 196.100000, 13.453252, 192.990000, 24.391595
38120, 190.250000, 27.477036, -1.000000, 0.000000
38320, 189.500000, 31.299361, 197.720000, 7.337684
38520, 189.100000, 32.635717, -1.000000, 0.000000
38720, 191.200000, 35.259892, 186.840000, 24.714498
38881, 192.650000, 19.267265, -1.000000, 0.000000
38893, 174.400000, 61.164859, 197.610000, 6.923720
39050, 192.350000, 19.300971, -1.000000, 0.000000
39250, 190.700000, 24.708501, 191.390000, 18.071688
39415, 186.300000, 27.083390, -1.000000, 0.000000
39615, 177.000000, 39.788189, 194.840000, 11.043659
39802, 199.350000, 2.833284, -1.000000, 0.000000
40002, 190.200000, 40.699631, 198.750000, 3.921161
40202, 184.200000, 37.731419, -1.000000, 0.000000
40402, 199.000000, 4.358899, 197.370000, 7.295828
40595, 187.150000, 40.258260, -1.000000, 0.000000
40795, 185.450000, 38.168672, 195.810000, 10.703920
40995, 181.300000, 47.901044, -1.000000, 0.000000
41191, 184.200000, 33.635695, 198.090000, 5.769047
41391, 200.000000, 0.000000, -1.000000, 0.000000
41591, 188.600000, 37.740429, 195.260000, 15.247439
