times, avg_rtrain, std_train, avg_test, std_test,
48, 23.650000, 13.741452, -1.000000, 0.000000
79, 24.300000, 15.859067, 15.660000, 14.752912
142, 23.000000, 11.878552, -1.000000, 0.000000
159, 26.300000, 11.798729, 15.060000, 12.524233
213, 23.350000, 17.231584, -1.000000, 0.000000
230, 25.300000, 10.149384, 18.500000, 26.659670
251, 23.750000, 15.568799, -1.000000, 0.000000
278, 23.500000, 12.391529, 13.860000, 10.602660
291, 25.500000, 12.741664, -1.000000, 0.000000
307, 22.450000, 7.826078, 12.340000, 10.145363
317, 24.000000, 15.000000, -1.000000, 0.000000
331, 18.600000, 7.703246, 12.570000, 7.292537
340, 18.150000, 8.644507, -1.000000, 0.000000
367, 16.250000, 7.628073, 12.170000, 6.754043
418, 19.600000, 14.228141, -1.000000, 0.000000
450, 18.150000, 7.957858, 10.670000, 3.004180
476, 14.850000, 4.767337, -1.000000, 0.000000
555, 19.200000, 17.258621, 17.440000, 22.399071
593, 30.450000, 26.089222, -1.000000, 0.000000
675, 47.850000, 61.408692, 48.550000, 55.041398
723, 57.900000, 59.509579, -1.000000, 0.000000
859, 82.300000, 69.052951, 86.400000, 69.426681
1023, 110.550000, 70.327431, -1.000000, 0.000000
1194, 115.500000, 61.974592, 132.200000, 64.049543
1394, 130.350000, 64.164846, -1.000000, 0.000000
1569, 149.250000, 50.451833, 143.230000, 50.658475
1731, 143.500000, 50.485146, -1.000000, 0.000000
1863, 149.750000, 40.140846, 146.460000, 35.963598
2058, 144.550000, 42.115882, -1.000000, 0.000000
2249, 151.500000, 35.476048, 153.050000, 39.586001
2415, 146.450000, 43.419437, -1.000000, 0.000000
2597, 160.400000, 34.427315, 161.890000, 33.730074
2767, 161.850000, 35.209764, -1.000000, 0.000000
2967, 153.100000, 38.719375, 154.290000, 33.918931
3167, 152.550000, 41.982705, -1.000000, 0.000000
3367, 151.700000, 32.087537, 160.710000, 26.772559
3567, 161.600000, 38.046550, -1.000000, 0.000000
3757, 167.350000, 30.345140, 157.950000, 22.182144
3957, 161.500000, 34.549240, -1.000000, 0.000000
4157, 146.450000, 34.732514, 152.820000, 33.164252
4355, 160.050000, 37.076239, -1.000000, 0.000000
4555, 162.250000, 35.723767, 154.090000, 26.585520
4719, 159.850000, 39.077199, -1.000000, 0.000000
4919, 155.100000, 37.997237, 161.770000, 28.088024
5115, 165.750000, 31.657345, -1.000000, 0.000000
5315, 167.550000, 36.653069, 161.850000, 27.445282
5462, 161.050000, 41.046894, -1.000000, 0.000000
5654, 167.600000, 34.533172, 165.730000, 30.678545
5854, 157.550000, 33.345877, -1.000000, 0.000000
6010, 163.750000, 30.141126, 160.150000, 29.620255
6193, 167.750000, 36.397630, -1.000000, 0.000000
6357, 176.450000, 27.412543, 168.350000, 31.757826
6508, 154.450000, 58.330502, -1.000000, 0.000000
6682, 156.300000, 41.568137, 164.690000, 32.931351
6821, 165.700000, 32.752252, -1.000000, 0.000000
7021, 168.350000, 34.217357, 173.520000, 28.950744
7221, 175.300000, 31.791666, -1.000000, 0.000000
7421, 184.350000, 26.874291, 183.920000, 26.105356
7621, 171.950000, 41.463810, -1.000000, 0.000000
7821, 174.500000, 35.272511, 187.760000, 25.192824
8021, 184.300000, 25.630256, -1.000000, 0.000000
8221, 190.750000, 22.230328, 188.190000, 23.865664
8421, 185.550000, 29.140136, -1.000000, 0.000000
8621, 191.500000, 20.756927, 188.850000, 21.354800
8821, 193.000000, 19.346834, -1.000000, 0.000000
9021, 187.000000, 26.508489, 186.140000, 23.857670
9221, 187.150000, 28.196232, -1.000000, 0.000000
9421, 189.400000, 29.085048, 187.090000, 28.270725
9621, 183.450000, 31.752913, -1.000000, 0.000000
9821, 188.450000, 26.757195, 187.320000, 28.863084
10021, 186.950000, 29.990790, -1.000000, 0.000000
10221, 178.500000, 45.764069, 187.970000, 23.640412
10421, 187.950000, 26.941557, -1.000000, 0.000000
10591, 186.950000, 25.328788, 190.860000, 16.728550
10791, 189.800000, 26.236616, -1.000000, 0.000000
10951, 187.850000, 23.931726, 187.570000, 22.984105
10965, 174.450000, 47.400923, -1.000000, 0.000000
11165, 192.550000, 21.399708, 181.230000, 26.681400
11293, 185.050000, 25.012947, -1.000000, 0.000000
11493, 189.900000, 21.584485, 186.060000, 21.742962
11649, 170.250000, 45.732784, -1.000000, 0.000000
11796, 186.050000, 24.567204, 184.170000, 21.920244
11956, 181.300000, 27.593659, -1.000000, 0.000000
12140, 188.050000, 21.939633, 182.110000, 21.836527
12258, 182.100000, 27.097786, -1.000000, 0.000000
12398, 183.450000, 23.570055, 181.080000, 24.324671
12569, 182.350000, 27.745765, -1.000000, 0.000000
12720, 187.650000, 24.676456, 183.850000, 26.141528
12852, 185.400000, 21.786234, -1.000000, 0.000000
13011, 183.500000, 20.485361, 177.540000, 25.510711
13201, 189.250000, 16.216889, -1.000000, 0.000000
13358, 186.950000, 23.506329, 185.760000, 16.569080
13496, 178.000000, 25.508822, -1.000000, 0.000000
13664, 184.050000, 34.450653, 185.710000, 20.964301
13828, 178.200000, 29.205479, -1.000000, 0.000000
14028, 184.000000, 23.054284, 184.940000, 20.713290
14228, 188.050000, 24.222871, -1.000000, 0.000000
14428, 181.250000, 36.510101, 182.030000, 23.539182
14628, 180.000000, 38.769834, -1.000000, 0.000000
14828, 187.700000, 20.916740, 175.720000, 30.259174
15028, 189.450000, 20.463321, -1.000000, 0.000000
15228, 184.350000, 26.668849, 185.500000, 23.321449
15428, 181.150000, 29.880219, -1.000000, 0.000000
15628, 182.350000, 27.024572, 178.180000, 29.826290
15828, 180.400000, 36.244172, -1.000000, 0.000000
16028, 185.200000, 23.848690, 185.820000, 20.963006
16228, 187.500000, 20.790623, -1.000000, 0.000000
16379, 188.350000, 21.024450, 178.330000, 26.362494
16579, 190.900000, 19.065414, -1.000000, 0.000000
16779, 188.350000, 20.095460, 184.590000, 22.515903
16979, 189.950000, 21.850572, -1.000000, 0.000000
17163, 177.200000, 29.439090, 174.660000, 28.368088
17272, 170.150000, 40.479964, -1.000000, 0.000000
17365, 180.450000, 30.855267, 182.530000, 25.879434
17471, 184.400000, 25.929520, -1.000000, 0.000000
17581, 184.250000, 25.596631, 167.150000, 37.660795
17711, 162.550000, 43.715529, -1.000000, 0.000000
17824, 173.700000, 47.995937, 172.430000, 45.002857
17941, 178.650000, 44.747374, -1.000000, 0.000000
18096, 173.450000, 42.879453, 180.550000, 37.925499
18288, 189.600000, 18.323209, -1.000000, 0.000000
18403, 182.300000, 32.022024, 186.560000, 19.456269
18580, 187.450000, 23.482919, -1.000000, 0.000000
18780, 183.500000, 24.444836, 180.940000, 28.648288
18864, 184.500000, 32.690213, -1.000000, 0.000000
18954, 183.300000, 40.926886, 183.750000, 30.204428
19069, 184.300000, 30.320125, -1.000000, 0.000000
19143, 192.150000, 27.510498, 190.210000, 18.575519
19238, 190.500000, 24.446881, -1.000000, 0.000000
19395, 184.100000, 25.785461, 187.060000, 24.829748
19479, 182.550000, 32.117713, -1.000000, 0.000000
19679, 184.400000, 36.029710, 172.680000, 31.827372
19767, 179.950000, 33.758666, -1.000000, 0.000000
19894, 183.700000, 28.993275, 175.750000, 35.495739
20035, 183.400000, 30.020660, -1.000000, 0.000000
20195, 183.200000, 25.734413, 186.970000, 22.341018
20395, 190.450000, 21.024926, -1.000000, 0.000000
20571, 190.950000, 21.169495, 181.190000, 21.873406
20771, 186.900000, 26.311404, -1.000000, 0.000000
20971, 177.700000, 38.164250, 180.270000, 35.691023
21171, 181.300000, 39.935072, -1.000000, 0.000000
21371, 192.300000, 21.253470, 181.500000, 34.174054
21571, 184.600000, 29.862016, -1.000000, 0.000000
21771, 190.200000, 29.508643, 185.020000, 33.014112
21971, 186.400000, 24.707084, -1.000000, 0.000000
22171, 193.200000, 22.238705, 186.960000, 28.455903
22357, 188.350000, 25.432804, -1.000000, 0.000000
22557, 189.300000, 23.043654, 183.320000, 30.359209
22752, 182.700000, 34.921483, -1.000000, 0.000000
22952, 188.950000, 22.381856, 183.060000, 26.455026
23120, 189.450000, 19.551151, -1.000000, 0.000000
23299, 188.800000, 21.072731, 181.440000, 30.979903
23499, 191.200000, 20.103731, -1.000000, 0.000000
23699, 193.400000, 20.182666, 187.420000, 22.667413
23899, 191.350000, 21.891265, -1.000000, 0.000000
24099, 190.050000, 29.000819, 187.710000, 28.338770
24299, 194.200000, 17.582946, -1.000000, 0.000000
24499, 193.350000, 15.837535, 184.840000, 27.360892
24699, 189.150000, 27.815958, -1.000000, 0.000000
24899, 196.900000, 11.072037, 188.780000, 22.740088
25099, 194.550000, 16.442247, -1.000000, 0.000000
25299, 189.250000, 25.699951, 192.990000, 16.547081
25499, 200.000000, 0.000000, -1.000000, 0.000000
25699, 191.800000, 21.153250, 190.140000, 20.844769
25899, 187.400000, 23.354657, -1.000000, 0.000000
26099, 188.600000, 23.033454, 181.100000, 27.002926
26294, 188.850000, 20.107896, -1.000000, 0.000000
26494, 186.750000, 32.349459, 185.790000, 24.598738
26694, 189.050000, 28.540279, -1.000000, 0.000000
26894, 188.750000, 25.165204, 175.500000, 36.393379
27094, 191.800000, 19.505384, -1.000000, 0.000000
27294, 191.250000, 28.708666, 189.010000, 25.644140
27494, 190.500000, 33.387872, -1.000000, 0.000000
27694, 186.500000, 25.058931, 186.600000, 27.949240
27894, 197.050000, 12.858752, -1.000000, 0.000000
28094, 194.750000, 15.069423, 187.940000, 28.677524
28294, 194.050000, 11.855273, -1.000000, 0.000000
28494, 184.800000, 35.317984, 193.380000, 12.398210
28694, 196.000000, 11.827933, -1.000000, 0.000000
28894, 195.450000, 14.613265, 193.780000, 14.028956
29094, 199.500000, 2.179449, -1.000000, 0.000000
29294, 193.950000, 14.561851, 196.330000, 7.928499
29494, 190.500000, 21.397430, -1.000000, 0.000000
29694, 191.300000, 18.278676, 176.070000, 35.962774
29894, 180.500000, 43.208217, -1.000000, 0.000000
30094, 196.550000, 10.466494, 180.070000, 35.268415
30294, 187.500000, 23.185125, -1.000000, 0.000000
30494, 188.250000, 28.058644, 195.510000, 13.678227
30694, 180.500000, 44.982774, -1.000000, 0.000000
30894, 189.150000, 26.614423, 187.470000, 24.707511
31094, 193.300000, 19.743607, -1.000000, 0.000000
31294, 188.350000, 25.706565, 182.940000, 34.683258
31494, 189.600000, 25.182137, -1.000000, 0.000000
31694, 178.000000, 34.340938, 185.790000, 25.334836
31894, 178.700000, 43.662455, -1.000000, 0.000000
32094, 195.050000, 12.527869, 194.430000, 15.059651
32189, 184.900000, 27.562474, -1.000000, 0.000000
32389, 192.550000, 18.746933, 194.710000, 13.284649
32589, 186.500000, 27.567191, -1.000000, 0.000000
32789, 188.150000, 24.825944, 187.130000, 21.728164
32989, 193.150000, 16.586968, -1.000000, 0.000000
33189, 188.150000, 31.453577, 187.730000, 22.587366
33389, 183.700000, 38.785435, -1.000000, 0.000000
33589, 190.650000, 36.428389, 186.060000, 27.924047
33789, 190.450000, 19.533241, -1.000000, 0.000000
33949, 193.850000, 15.887967, 181.800000, 22.087191
34148, 192.000000, 18.756332, -1.000000, 0.000000
34348, 185.100000, 23.479566, 185.530000, 25.453666
34548, 192.900000, 21.205895, -1.000000, 0.000000
34748, 189.850000, 23.065721, 186.720000, 24.765411
34948, 190.450000, 22.900819, -1.000000, 0.000000
35148, 190.650000, 23.020154, 194.840000, 14.730458
35348, 193.000000, 19.702792, -1.000000, 0.000000
35548, 196.850000, 9.556542, 191.710000, 16.177945
35748, 191.300000, 27.770668, -1.000000, 0.000000
35948, 181.650000, 35.381174, 176.470000, 32.923261
36148, 186.800000, 24.898996, -1.000000, 0.000000
36348, 180.350000, 43.966209, 183.000000, 26.039048
36548, 173.100000, 52.080611, -1.000000, 0.000000
36748, 185.250000, 31.852590, 195.970000, 11.651313
36948, 196.400000, 12.358803, -1.000000, 0.000000
37148, 191.450000, 23.692773, 190.390000, 17.770703
37348, 188.400000, 40.746043, -1.000000, 0.000000
37548, 197.900000, 9.153688, 197.710000, 6.340812
37748, 194.850000, 15.682076, -1.000000, 0.000000
37948, 191.050000, 34.300838, 196.660000, 10.342359
38148, 191.350000, 26.142446, -1.000000, 0.000000
38348, 195.800000, 14.434680, 189.180000, 21.687591
38548, 196.250000, 10.128549, -1.000000, 0.000000
38748, 198.500000, 6.538348, 192.590000, 18.768109
38948, 188.000000, 33.291140, -1.000000, 0.000000
39148, 191.050000, 33.528309, 183.410000, 41.211235
39180, 183.400000, 41.908710, -1.000000, 0.000000
39380, 193.550000, 16.812124, 184.350000, 29.028874
39580, 191.750000, 23.849266, -1.000000, 0.000000
39780, 180.200000, 42.431828, 185.740000, 31.197506
39980, 184.950000, 38.958279, -1.000000, 0.000000
40180, 191.700000, 24.918066, 187.580000, 28.156342
40380, 190.400000, 24.011247, -1.000000, 0.000000
40580, 188.900000, 26.845670, 188.210000, 24.217388
40780, 178.150000, 41.953873, -1.000000, 0.000000
40980, 187.800000, 29.162647, 185.770000, 24.449644
41046, 189.100000, 33.642087, -1.000000, 0.000000
41246, 181.600000, 38.521942, 176.260000, 25.328095
41353, 177.550000, 37.060053, -1.000000, 0.000000
41528, 187.000000, 29.686697, 182.210000, 28.537167
41728, 193.100000, 20.171515, -1.000000, 0.000000
41928, 187.600000, 25.080670, 186.990000, 22.008678
42032, 184.600000, 28.608390, -1.000000, 0.000000
42232, 194.050000, 14.698554, 181.800000, 29.594256
