times, avg_rtrain, std_train, avg_test, std_test,
11, 19.950000, 7.592595, -1.000000, 0.000000
66, 22.700000, 13.293231, 16.990000, 22.123424
76, 22.600000, 9.334881, -1.000000, 0.000000
95, 28.250000, 20.280224, 17.570000, 24.740435
109, 19.150000, 9.870537, -1.000000, 0.000000
125, 27.150000, 14.748814, 15.730000, 18.334369
156, 21.350000, 12.390621, -1.000000, 0.000000
184, 21.250000, 7.388335, 15.690000, 18.702564
197, 16.750000, 5.117372, -1.000000, 0.000000
217, 25.300000, 16.532090, 17.130000, 28.536172
241, 21.700000, 12.141252, -1.000000, 0.000000
264, 22.650000, 11.257331, 18.530000, 29.708401
277, 18.800000, 8.447485, -1.000000, 0.000000
289, 20.000000, 12.361230, 26.670000, 47.544054
304, 16.850000, 5.534212, -1.000000, 0.000000
323, 16.750000, 5.185316, 10.210000, 2.204064
336, 16.300000, 13.697080, -1.000000, 0.000000
349, 13.250000, 4.470738, 15.510000, 13.428697
363, 21.500000, 19.497436, -1.000000, 0.000000
376, 26.900000, 27.314648, 31.320000, 38.422722
388, 34.200000, 44.273694, -1.000000, 0.000000
428, 46.450000, 50.299578, 60.590000, 66.541640
506, 78.000000, 67.523329, -1.000000, 0.000000
551, 101.350000, 75.498526, 98.580000, 76.636281
668, 107.200000, 79.403778, -1.000000, 0.000000
868, 125.600000, 71.377447, 128.140000, 72.972408
1027, 130.300000, 68.485838, -1.000000, 0.000000
1224, 134.750000, 64.138035, 146.310000, 63.752599
1374, 145.050000, 64.662566, -1.000000, 0.000000
1469, 152.450000, 48.415364, 161.440000, 41.133568
1578, 159.500000, 42.842152, -1.000000, 0.000000
1700, 164.550000, 44.389723, 162.570000, 40.790748
1876, 181.200000, 27.030723, -1.000000, 0.000000
2010, 157.850000, 37.219988, 164.290000, 32.963402
2210, 158.250000, 40.130880, -1.000000, 0.000000
2410, 170.350000, 33.353073, 173.540000, 24.088595
2610, 179.450000, 28.394498, -1.000000, 0.000000
2801, 166.650000, 34.673152, 178.290000, 19.490354
3001, 176.600000, 21.800000, -1.000000, 0.000000
3201, 165.800000, 30.578751, 178.040000, 20.857191
3401, 183.900000, 22.230385, -1.000000, 0.000000
3601, 177.050000, 27.155985, 174.870000, 24.654596
3801, 179.650000, 22.000625, -1.000000, 0.000000
4001, 172.150000, 27.219983, 173.800000, 23.854559
4201, 174.200000, 34.518980, -1.000000, 0.000000
4401, 179.500000, 21.086726, 179.540000, 18.417285
4601, 177.050000, 25.040917, -1.000000, 0.000000
4801, 179.650000, 32.209121, 182.770000, 23.501938
5001, 184.400000, 25.702918, -1.000000, 0.000000
5201, 178.800000, 27.630780, 178.980000, 25.075319
5401, 181.650000, 27.731345, -1.000000, 0.000000
5587, 175.950000, 34.640258, 177.540000, 30.488890
5787, 177.900000, 32.105918, -1.000000, 0.000000
5987, 177.000000, 35.171011, 179.220000, 28.129408
6187, 178.500000, 24.733580, -1.000000, 0.000000
6387, 179.200000, 27.560116, 172.740000, 27.514949
6587, 178.400000, 28.990343, -1.000000, 0.000000
6787, 179.400000, 35.413839, 187.040000, 20.344985
6987, 186.450000, 18.235885, -1.000000, 0.000000
7187, 189.400000, 27.668394, 181.920000, 25.030254
7387, 178.850000, 42.316988, -1.000000, 0.000000
7587, 183.750000, 22.214579, 189.200000, 18.053255
7787, 188.650000, 26.251238, -1.000000, 0.000000
7987, 193.850000, 14.395399, 190.800000, 19.215202
8187, 192.450000, 20.662708, -1.000000, 0.000000
8387, 186.200000, 25.978068, 194.580000, 20.164712
8587, 188.450000, 26.710438, -1.000000, 0.000000
8787, 196.750000, 10.406128, 189.800000, 26.475196
8987, 188.150000, 29.222038, -1.000000, 0.000000
9187, 190.000000, 30.403947, 185.510000, 30.800485
9387, 183.900000, 32.105918, -1.000000, 0.000000
9587, 181.800000, 32.007187, 184.850000, 29.405433
9787, 184.100000, 32.531369, -1.000000, 0.000000
9987, 183.300000, 34.023668, 183.290000, 32.130825
10187, 190.250000, 26.966414, -1.000000, 0.000000
10387, 186.900000, 27.885301, 186.250000, 26.965821
10587, 189.850000, 23.624722, -1.000000, 0.000000
10787, 186.350000, 32.041028, 186.550000, 29.618432
10987, 181.250000, 37.495166, -1.000000, 0.000000
11187, 187.450000, 30.137145, 186.700000, 27.836487
11301, 174.450000, 51.038686, -1.000000, 0.000000
11379, 172.900000, 50.776865, 190.580000, 25.179508
11579, 190.500000, 14.830711, -1.000000, 0.000000
11779, 194.950000, 13.511014, 190.580000, 16.303852
11979, 192.000000, 13.935566, -1.000000, 0.000000
12179, 190.400000, 21.319944, 194.060000, 12.680710
12379, 193.750000, 15.671232, -1.000000, 0.000000
12579, 179.550000, 45.061597, 189.800000, 19.932687
12779, 184.550000, 42.392777, -1.000000, 0.000000
12979, 189.000000, 30.482782, 191.000000, 25.672787
13179, 195.100000, 12.968809, -1.000000, 0.000000
13379, 185.200000, 42.117217, 186.310000, 42.321128
13579, 188.450000, 42.259289, -1.000000, 0.000000
13779, 185.700000, 42.807826, 184.860000, 41.536158
13979, 181.050000, 43.366433, -1.000000, 0.000000
14179, 184.050000, 43.256762, 183.200000, 42.002286
14379, 185.950000, 42.542302, -1.000000, 0.000000
14579, 183.000000, 42.868403, 181.420000, 43.702124
14779, 172.200000, 51.566074, -1.000000, 0.000000
14979, 183.750000, 43.078852, 180.950000, 46.689822
15179, 189.350000, 41.449095, -1.000000, 0.000000
15379, 188.750000, 41.355622, 185.000000, 42.039886
15579, 189.200000, 41.451900, -1.000000, 0.000000
15779, 174.150000, 49.755678, 181.010000, 43.517375
15979, 184.100000, 43.413016, -1.000000, 0.000000
16179, 183.450000, 43.738398, 170.790000, 46.996658
16379, 177.900000, 49.754296, -1.000000, 0.000000
16579, 176.000000, 48.978567, 167.680000, 51.625048
16779, 179.800000, 44.594394, -1.000000, 0.000000
16900, 170.300000, 53.326447, 177.280000, 45.222225
17100, 182.600000, 45.371136, -1.000000, 0.000000
17300, 177.900000, 47.087047, 177.530000, 46.329182
17500, 178.650000, 52.421632, -1.000000, 0.000000
17700, 167.550000, 58.106346, 175.270000, 43.431844
17900, 187.050000, 28.578795, -1.000000, 0.000000
18100, 174.500000, 47.873270, 185.050000, 28.361373
18300, 182.100000, 37.140140, -1.000000, 0.000000
18500, 184.250000, 30.823489, 175.410000, 36.977262
18700, 178.250000, 36.493664, -1.000000, 0.000000
18900, 176.250000, 40.567074, 166.810000, 44.189115
19100, 171.050000, 45.047170, -1.000000, 0.000000
19300, 177.900000, 37.175126, 174.480000, 37.025634
19500, 180.450000, 36.443758, -1.000000, 0.000000
19700, 181.750000, 31.731491, 170.650000, 40.649815
19900, 174.650000, 42.981711, -1.000000, 0.000000
20100, 179.300000, 43.132470, 183.470000, 29.548623
20232, 180.000000, 30.151285, -1.000000, 0.000000
20432, 179.550000, 37.823901, 176.960000, 40.427100
20632, 174.600000, 44.706152, -1.000000, 0.000000
20832, 189.450000, 32.789442, 170.910000, 38.882000
21032, 169.250000, 49.184220, -1.000000, 0.000000
21232, 171.750000, 47.699974, 176.230000, 37.160747
21393, 181.150000, 37.717735, -1.000000, 0.000000
21535, 173.700000, 39.620828, 182.010000, 35.902004
21735, 170.450000, 46.986674, -1.000000, 0.000000
21935, 183.600000, 38.942779, 172.770000, 42.274355
22135, 182.700000, 40.669522, -1.000000, 0.000000
22256, 172.500000, 44.165031, 174.340000, 47.611599
22456, 174.300000, 43.074470, -1.000000, 0.000000
22656, 174.600000, 46.969565, 176.590000, 43.234221
22796, 175.200000, 44.690715, -1.000000, 0.000000
22934, 183.300000, 41.634241, 185.730000, 41.474102
23134, 179.250000, 44.409318, -1.000000, 0.000000
23334, 181.650000, 43.565210, 181.510000, 43.796962
23534, 183.500000, 42.120660, -1.000000, 0.000000
23734, 178.050000, 45.605345, 168.090000, 48.594340
23862, 171.450000, 47.655509, -1.000000, 0.000000
23974, 176.850000, 48.888930, 171.060000, 49.486002
24108, 172.900000, 48.754384, -1.000000, 0.000000
24234, 171.550000, 48.447368, 169.160000, 49.754662
24376, 173.850000, 49.380436, -1.000000, 0.000000
24524, 180.900000, 43.493563, 180.450000, 44.661253
24674, 178.900000, 44.245791, -1.000000, 0.000000
24840, 175.450000, 47.045164, 177.590000, 44.885832
25026, 181.100000, 45.223777, -1.000000, 0.000000
25216, 182.950000, 43.213973, 173.450000, 46.113073
25416, 173.750000, 51.669019, -1.000000, 0.000000
25616, 174.450000, 48.169985, 177.500000, 46.622548
25816, 181.200000, 44.959537, -1.000000, 0.000000
26016, 185.350000, 44.213431, 184.150000, 43.721156
26216, 179.750000, 46.035720, -1.000000, 0.000000
26416, 179.750000, 46.294573, 174.740000, 51.844965
26616, 181.800000, 44.628018, -1.000000, 0.000000
26816, 183.300000, 41.725412, 185.790000, 41.276069
27016, 185.350000, 42.841890, -1.000000, 0.000000
27216, 177.950000, 52.047550, 189.780000, 39.529123
27416, 189.400000, 39.295547, -1.000000, 0.000000
27616, 190.950000, 39.448035, 185.030000, 39.865588
27816, 187.450000, 39.337609, -1.000000, 0.000000
28016, 188.800000, 36.197514, 182.100000, 37.642821
28216, 186.150000, 35.468683, -1.000000, 0.000000
28416, 190.600000, 18.227452, 193.720000, 16.725238
28616, 190.000000, 26.319195, -1.000000, 0.000000
28816, 187.500000, 39.319842, 187.480000, 25.976405
29016, 192.650000, 22.118488, -1.000000, 0.000000
29216, 194.200000, 17.823019, 193.430000, 18.585723
29416, 188.900000, 20.196287, -1.000000, 0.000000
29616, 191.550000, 16.898151, 186.690000, 22.907158
29744, 182.150000, 36.032312, -1.000000, 0.000000
29873, 186.650000, 27.068940, 187.000000, 25.344191
29994, 188.600000, 23.669390, -1.000000, 0.000000
30145, 189.150000, 20.450611, 193.010000, 13.357316
30309, 185.100000, 30.582511, -1.000000, 0.000000
30478, 180.650000, 40.952747, 182.850000, 27.153333
30598, 184.650000, 26.993101, -1.000000, 0.000000
30780, 192.300000, 18.542114, 186.430000, 33.270003
30980, 190.050000, 21.315429, -1.000000, 0.000000
31180, 184.150000, 29.533498, 191.190000, 21.039342
31380, 185.550000, 41.487920, -1.000000, 0.000000
31580, 176.500000, 53.703352, 186.240000, 24.787868
31780, 185.100000, 23.030198, -1.000000, 0.000000
31980, 184.100000, 43.268811, 186.170000, 20.354388
32133, 193.500000, 15.570806, -1.000000, 0.000000
32273, 182.200000, 32.704128, 193.770000, 13.731464
32408, 190.800000, 22.535749, -1.000000, 0.000000
32525, 187.500000, 27.443578, 182.650000, 27.348848
32660, 188.900000, 22.434126, -1.000000, 0.000000
32774, 189.700000, 23.169161, 190.180000, 17.236577
32949, 185.350000, 29.550423, -1.000000, 0.000000
33149, 190.200000, 20.038962, 186.210000, 24.341691
33349, 181.800000, 36.998108, -1.000000, 0.000000
33549, 189.800000, 21.878300, 182.000000, 30.210991
33749, 188.300000, 29.189210, -1.000000, 0.000000
33949, 191.000000, 21.384574, 191.750000, 20.367020
34149, 185.650000, 37.708454, -1.000000, 0.000000
34349, 195.750000, 14.600942, 196.600000, 7.240166
34549, 190.600000, 38.096457, -1.000000, 0.000000
34749, 195.400000, 18.507836, 199.970000, 0.130767
34949, 199.700000, 1.307670, -1.000000, 0.000000
35149, 200.000000, 0.000000, 196.310000, 12.631781
35349, 193.950000, 26.371339, -1.000000, 0.000000
35549, 188.500000, 38.083461, 191.710000, 16.080606
35749, 187.800000, 34.220754, -1.000000, 0.000000
35949, 193.350000, 20.976832, 187.290000, 24.663047
36149, 182.750000, 39.961075, -1.000000, 0.000000
36349, 182.700000, 36.541894, 188.570000, 21.464974
36537, 184.800000, 37.441421, -1.000000, 0.000000
36737, 187.700000, 31.984528, 189.240000, 33.853780
36927, 189.500000, 23.831702, -1.000000, 0.000000
37127, 191.700000, 22.284748, 189.850000, 21.654364
37327, 182.000000, 29.722046, -1.000000, 0.000000
37527, 186.300000, 27.083390, 189.060000, 25.717861
37727, 176.350000, 40.722567, -1.000000, 0.000000
37927, 194.800000, 15.964335, 191.770000, 16.818832
38127, 198.650000, 4.053085, -1.000000, 0.000000
38327, 190.950000, 24.753737, 188.110000, 21.235298
38527, 195.750000, 16.987863, -1.000000, 0.000000
38727, 191.050000, 26.781477, 193.260000, 16.971282
38889, 193.600000, 15.717506, -1.000000, 0.000000
39089, 189.900000, 30.388978, 184.690000, 22.735301
39289, 186.900000, 27.433374, -1.000000, 0.000000
39489, 189.950000, 22.870232, 185.400000, 28.891314
39689, 186.300000, 31.626097, -1.000000, 0.000000
39873, 183.000000, 40.220641, 180.470000, 41.989202
40073, 189.550000, 32.708523, -1.000000, 0.000000
40273, 178.750000, 37.881229, 182.530000, 34.949179
40473, 181.300000, 34.155673, -1.000000, 0.000000
40673, 181.750000, 35.967868, 168.360000, 48.924374
40873, 184.100000, 41.161754, -1.000000, 0.000000
41073, 176.900000, 45.274607, 176.380000, 43.906624
41273, 165.650000, 59.242109, -1.000000, 0.000000
41473, 177.400000, 48.418385, 172.710000, 44.218479
41673, 177.050000, 44.091354, -1.000000, 0.000000
41873, 183.500000, 41.226812, 178.330000, 45.802326
42073, 172.900000, 46.462781, -1.000000, 0.000000
42273, 155.900000, 61.631080, 151.780000, 59.952311
42473, 152.400000, 59.441904, -1.000000, 0.000000
42673, 159.450000, 62.827920, 164.820000, 58.962188
42873, 164.100000, 57.189072, -1.000000, 0.000000
43073, 169.650000, 58.003685, 164.340000, 56.306628
