times, avg_rtrain, std_train, avg_test, std_test,
13, 16.850000, 5.614935, -1.000000, 0.000000
42, 23.050000, 12.338861, 11.770000, 7.518850
78, 27.450000, 15.850789, -1.000000, 0.000000
94, 24.600000, 11.871815, 11.870000, 8.080415
107, 27.200000, 21.374284, -1.000000, 0.000000
122, 20.450000, 10.175829, 11.900000, 8.200366
138, 23.250000, 11.657079, -1.000000, 0.000000
148, 25.350000, 10.762319, 11.870000, 8.074472
180, 22.800000, 10.888526, -1.000000, 0.000000
194, 25.700000, 12.923235, 14.580000, 13.592925
222, 23.700000, 11.857909, -1.000000, 0.000000
256, 17.300000, 6.285698, 11.420000, 6.321044
273, 18.150000, 7.995467, -1.000000, 0.000000
303, 18.500000, 8.224962, 10.330000, 2.529249
321, 17.650000, 8.131882, -1.000000, 0.000000
334, 18.100000, 12.251122, 18.160000, 25.858121
356, 20.700000, 11.247666, -1.000000, 0.000000
369, 29.550000, 44.081147, 25.790000, 41.798683
383, 27.850000, 32.345440, -1.000000, 0.000000
395, 33.300000, 43.654438, 41.800000, 56.842625
412, 45.200000, 58.880897, -1.000000, 0.000000
433, 63.650000, 66.537414, 72.870000, 68.765290
542, 84.100000, 71.130795, -1.000000, 0.000000
592, 85.800000, 72.191135, 90.800000, 69.755143
622, 98.350000, 73.302984, -1.000000, 0.000000
655, 108.950000, 70.240640, 114.200000, 68.292079
691, 125.600000, 67.945861, -1.000000, 0.000000
783, 135.150000, 67.190234, 147.490000, 66.388568
918, 153.750000, 55.897115, -1.000000, 0.000000
1057, 154.800000, 46.351483, 168.050000, 37.369339
1196, 173.400000, 31.195192, -1.000000, 0.000000
1353, 176.000000, 32.218007, 177.140000, 21.428495
1477, 175.050000, 31.757637, -1.000000, 0.000000
1598, 176.700000, 24.752980, 174.040000, 24.641071
1745, 169.850000, 29.606207, -1.000000, 0.000000
1930, 176.200000, 31.144181, 173.100000, 28.787601
2105, 172.250000, 29.999792, -1.000000, 0.000000
2244, 178.450000, 29.302688, 176.000000, 26.544077
2392, 182.000000, 24.192974, -1.000000, 0.000000
2592, 182.500000, 28.159368, 180.000000, 23.315317
2750, 180.700000, 19.636955, -1.000000, 0.000000
2921, 177.600000, 26.420447, 176.480000, 26.472129
3121, 177.700000, 27.946556, -1.000000, 0.000000
3289, 178.600000, 29.940608, 179.400000, 22.308205
3489, 179.750000, 25.402510, -1.000000, 0.000000
3666, 172.550000, 32.286956, 178.960000, 21.989325
3866, 176.500000, 23.582833, -1.000000, 0.000000
4061, 169.300000, 35.492394, 175.930000, 24.532613
4261, 176.850000, 29.998792, -1.000000, 0.000000
4461, 178.150000, 29.535191, 172.690000, 27.463319
4661, 165.200000, 32.007187, -1.000000, 0.000000
4861, 168.600000, 35.681087, 168.660000, 30.797669
5029, 168.300000, 37.397995, -1.000000, 0.000000
5203, 165.900000, 30.107972, 172.820000, 25.207372
5375, 169.400000, 36.212429, -1.000000, 0.000000
5560, 166.200000, 34.510288, 169.210000, 25.911887
5750, 168.250000, 30.786158, -1.000000, 0.000000
5926, 175.500000, 27.026839, 176.920000, 25.399874
6114, 175.350000, 28.249381, -1.000000, 0.000000
6281, 166.750000, 35.004107, 164.560000, 35.455301
6457, 169.400000, 29.341779, -1.000000, 0.000000
6624, 177.350000, 30.506188, 178.860000, 22.362209
6817, 181.050000, 27.947227, -1.000000, 0.000000
7017, 187.750000, 21.676889, 189.070000, 16.959749
7199, 183.000000, 24.248711, -1.000000, 0.000000
7399, 188.000000, 23.733942, 183.170000, 30.153691
7599, 177.250000, 32.519033, -1.000000, 0.000000
7799, 177.600000, 42.638480, 180.610000, 37.002026
7999, 184.250000, 35.485032, -1.000000, 0.000000
8199, 186.300000, 26.147849, 181.450000, 26.445179
8399, 181.950000, 28.369834, -1.000000, 0.000000
8599, 184.400000, 26.586463, 184.120000, 22.537826
8799, 189.400000, 25.991152, -1.000000, 0.000000
8999, 184.450000, 25.687497, 184.490000, 21.257420
9199, 185.000000, 21.972710, -1.000000, 0.000000
9399, 190.100000, 18.986574, 176.170000, 38.861666
9599, 175.350000, 40.244596, -1.000000, 0.000000
9799, 175.850000, 38.376132, 171.720000, 43.654526
9999, 175.100000, 40.547380, -1.000000, 0.000000
10199, 177.000000, 40.260402, 180.710000, 37.712198
10399, 180.600000, 41.946871, -1.000000, 0.000000
10599, 177.400000, 37.123308, 192.060000, 14.948324
10799, 187.850000, 22.574931, -1.000000, 0.000000
10999, 186.100000, 31.181565, 186.850000, 27.482931
11199, 191.400000, 27.816182, -1.000000, 0.000000
11399, 193.350000, 19.553197, 193.580000, 19.628031
11599, 191.050000, 18.191963, -1.000000, 0.000000
11799, 189.600000, 25.413382, 191.610000, 13.859506
11999, 189.750000, 18.552291, -1.000000, 0.000000
12199, 192.750000, 15.581640, 185.620000, 24.154660
12399, 184.350000, 29.141508, -1.000000, 0.000000
12599, 192.850000, 13.748727, 192.490000, 14.359453
12799, 186.000000, 32.602147, -1.000000, 0.000000
12999, 189.550000, 19.665897, 187.310000, 23.975777
13199, 185.000000, 25.053942, -1.000000, 0.000000
13399, 187.650000, 24.603404, 190.770000, 16.974366
13599, 194.850000, 12.342103, -1.000000, 0.000000
13799, 189.600000, 27.465251, 186.800000, 28.690068
13999, 188.550000, 25.582172, -1.000000, 0.000000
14199, 189.550000, 21.315429, 193.890000, 10.987716
14399, 190.450000, 24.245567, -1.000000, 0.000000
14599, 194.700000, 16.053349, 186.110000, 21.023841
14777, 192.450000, 15.812890, -1.000000, 0.000000
14977, 197.250000, 7.231010, 189.160000, 22.862948
15138, 192.600000, 12.705904, -1.000000, 0.000000
15338, 194.050000, 12.495899, 180.750000, 31.098416
15452, 186.100000, 29.139149, -1.000000, 0.000000
15579, 192.850000, 18.650134, 187.680000, 21.355318
15714, 183.800000, 22.533531, -1.000000, 0.000000
15914, 188.050000, 21.453380, 186.320000, 23.483816
16071, 187.000000, 25.723530, -1.000000, 0.000000
16207, 192.800000, 18.691174, 183.530000, 26.269166
16407, 190.650000, 25.840424, -1.000000, 0.000000
16536, 192.500000, 19.556329, 185.770000, 24.919171
16736, 192.850000, 18.781041, -1.000000, 0.000000
16936, 187.750000, 24.594461, 189.540000, 17.369986
17136, 185.000000, 21.552262, -1.000000, 0.000000
17336, 191.300000, 19.131388, 188.940000, 21.267167
17536, 194.200000, 16.305214, -1.000000, 0.000000
17736, 191.900000, 18.338211, 193.830000, 12.925367
17936, 192.450000, 17.416874, -1.000000, 0.000000
18136, 185.700000, 28.266765, 189.020000, 25.478532
18336, 182.250000, 36.507362, -1.000000, 0.000000
18536, 186.050000, 39.223048, 180.230000, 35.959826
18736, 174.350000, 37.338017, -1.000000, 0.000000
18936, 186.700000, 26.228038, 194.310000, 13.201587
19136, 194.400000, 12.905038, -1.000000, 0.000000
19332, 194.450000, 16.347706, 188.190000, 30.806329
19532, 187.000000, 33.294144, -1.000000, 0.000000
19732, 184.050000, 34.205957, 186.950000, 28.999991
19932, 189.750000, 24.669566, -1.000000, 0.000000
20132, 188.600000, 26.184728, 189.080000, 29.068154
20331, 188.700000, 28.733430, -1.000000, 0.000000
20531, 188.850000, 27.120610, 188.180000, 28.998683
20731, 193.350000, 24.972535, -1.000000, 0.000000
20931, 190.850000, 24.904367, 189.410000, 24.425108
21131, 185.500000, 31.710408, -1.000000, 0.000000
21331, 187.250000, 33.412385, 178.520000, 40.788253
21531, 187.100000, 35.583564, -1.000000, 0.000000
21731, 188.700000, 33.950110, 178.220000, 37.890363
21931, 183.250000, 37.682722, -1.000000, 0.000000
22131, 183.750000, 42.055767, 185.500000, 33.084891
22331, 187.200000, 32.632193, -1.000000, 0.000000
22531, 184.400000, 36.079634, 180.390000, 39.898545
22731, 183.400000, 37.751026, -1.000000, 0.000000
22931, 184.300000, 36.766969, 192.240000, 19.643177
23131, 188.950000, 34.402725, -1.000000, 0.000000
23331, 189.500000, 27.769588, 195.230000, 12.659111
23531, 197.250000, 11.986972, -1.000000, 0.000000
23731, 193.250000, 16.594803, 195.760000, 11.474947
23931, 192.400000, 15.739759, -1.000000, 0.000000
24131, 197.900000, 9.153688, 191.240000, 20.250788
24331, 192.200000, 23.453358, -1.000000, 0.000000
24531, 191.200000, 22.639788, 186.610000, 22.057876
24731, 196.600000, 14.820256, -1.000000, 0.000000
24931, 196.300000, 10.817116, 196.360000, 9.009906
25131, 190.550000, 18.808176, -1.000000, 0.000000
25331, 188.750000, 26.596757, 192.450000, 20.791236
25531, 189.200000, 23.101082, -1.000000, 0.000000
25631, 190.250000, 24.161695, 188.950000, 25.098994
25802, 194.450000, 13.628921, -1.000000, 0.000000
26002, 186.100000, 42.264524, 184.620000, 25.030453
26148, 185.200000, 25.321137, -1.000000, 0.000000
26348, 197.250000, 9.596223, 194.640000, 12.463804
26548, 196.700000, 10.218121, -1.000000, 0.000000
26748, 190.000000, 17.835358, 188.500000, 21.993499
26948, 189.650000, 20.804507, -1.000000, 0.000000
27148, 198.050000, 8.499853, 191.380000, 17.460000
27348, 198.950000, 4.576844, -1.000000, 0.000000
27548, 187.500000, 24.048908, 190.810000, 21.939870
27748, 192.400000, 19.373694, -1.000000, 0.000000
27948, 182.000000, 34.802299, 191.090000, 18.639793
28143, 187.700000, 36.334694, -1.000000, 0.000000
28343, 194.450000, 13.606892, 187.250000, 34.797407
28543, 185.450000, 33.653343, -1.000000, 0.000000
28743, 191.800000, 22.901092, 189.440000, 20.432680
28943, 196.350000, 10.951141, -1.000000, 0.000000
29143, 185.350000, 28.571446, 183.880000, 29.497688
29283, 181.850000, 33.420465, -1.000000, 0.000000
29483, 199.350000, 2.833284, 193.350000, 17.162852
29683, 190.950000, 16.749552, -1.000000, 0.000000
29883, 193.650000, 13.172984, 189.790000, 21.867005
30083, 186.300000, 37.647178, -1.000000, 0.000000
30283, 194.400000, 17.039366, 191.590000, 21.918711
30483, 193.100000, 18.904761, -1.000000, 0.000000
30683, 199.350000, 2.833284, 195.950000, 12.265052
30883, 194.400000, 13.458826, -1.000000, 0.000000
31083, 193.000000, 15.378556, 197.140000, 9.069752
31283, 191.900000, 24.003958, -1.000000, 0.000000
31483, 181.650000, 28.676253, 195.070000, 15.612466
31683, 194.300000, 16.044002, -1.000000, 0.000000
31883, 185.650000, 24.534211, 189.880000, 18.263888
32083, 194.600000, 14.062006, -1.000000, 0.000000
32283, 185.750000, 37.739734, 182.100000, 28.724450
32483, 186.750000, 22.732961, -1.000000, 0.000000
32683, 188.850000, 22.258201, 192.250000, 19.567102
32883, 188.850000, 22.685403, -1.000000, 0.000000
33083, 184.400000, 22.896288, 182.390000, 38.310650
33283, 184.150000, 39.685356, -1.000000, 0.000000
33483, 187.950000, 22.082742, 192.110000, 13.455776
33683, 189.300000, 22.271282, -1.000000, 0.000000
33883, 173.800000, 52.121589, 183.520000, 29.593134
34083, 177.600000, 35.935219, -1.000000, 0.000000
34283, 181.750000, 37.654847, 183.360000, 29.021620
34483, 189.050000, 24.680914, -1.000000, 0.000000
34592, 150.800000, 58.740616, 176.480000, 36.574931
34792, 185.650000, 24.894327, -1.000000, 0.000000
34992, 185.200000, 30.539483, 183.210000, 30.872802
35192, 180.300000, 33.167906, -1.000000, 0.000000
35310, 177.700000, 35.564167, 175.530000, 33.415881
35437, 181.300000, 30.065096, -1.000000, 0.000000
35637, 177.450000, 38.721409, 188.880000, 16.902118
35837, 190.000000, 23.295922, -1.000000, 0.000000
35978, 183.600000, 23.482760, 189.890000, 19.151655
36178, 190.000000, 18.992104, -1.000000, 0.000000
36378, 184.900000, 24.903614, 182.780000, 22.193053
36578, 184.300000, 34.313408, -1.000000, 0.000000
36778, 182.050000, 25.891070, 183.210000, 25.177806
36978, 183.150000, 31.235036, -1.000000, 0.000000
37178, 179.100000, 43.380756, 177.900000, 44.421594
37378, 177.400000, 45.530649, -1.000000, 0.000000
37578, 179.650000, 43.558323, 168.250000, 49.917727
37778, 180.950000, 28.638217, -1.000000, 0.000000
37978, 187.500000, 24.477541, 187.320000, 31.266877
38178, 192.000000, 18.758998, -1.000000, 0.000000
38378, 185.200000, 32.071171, 177.500000, 36.095900
38578, 186.750000, 32.009178, -1.000000, 0.000000
38698, 184.700000, 36.008471, 183.480000, 37.904163
38898, 189.000000, 40.272820, -1.000000, 0.000000
39098, 182.400000, 42.420985, 180.150000, 35.530149
39298, 163.650000, 56.381092, -1.000000, 0.000000
39498, 181.050000, 45.621788, 181.440000, 29.898134
39698, 191.000000, 22.047676, -1.000000, 0.000000
39898, 188.650000, 25.308645, 183.220000, 27.837809
40098, 188.300000, 25.996346, -1.000000, 0.000000
40298, 187.750000, 28.078239, 185.220000, 29.320839
40473, 184.850000, 32.073782, -1.000000, 0.000000
40673, 177.850000, 43.101363, 176.820000, 46.179298
40873, 172.950000, 55.912856, -1.000000, 0.000000
41073, 185.850000, 31.220626, 182.040000, 34.541372
41273, 178.650000, 34.318035, -1.000000, 0.000000
41473, 172.500000, 43.094663, 182.470000, 34.971261
41632, 182.450000, 32.401350, -1.000000, 0.000000
41832, 188.200000, 19.747405, 181.060000, 26.464852
41992, 182.750000, 40.254037, -1.000000, 0.000000
42069, 185.650000, 35.061767, 172.560000, 44.487329
42158, 173.400000, 48.218669, -1.000000, 0.000000
42293, 172.200000, 34.992285, 187.170000, 21.196063
42443, 166.450000, 52.076362, -1.000000, 0.000000
42638, 190.250000, 23.125473, 189.940000, 21.286061
